{
    "0W": 6.336967749959886,
    "S0W": -99.99999999999986,
    "W": -99.99999999999986,
    "0RW": 6.357968082184487,
    "S0RW": -94.04614448944704,
    "0GW": 16.374731228412593,
    "S0GW": -98.84666981079936,
    "0R0W": 4.7212737058591765,
    "0G0W": 19.357805850657112,
    "SG0W": -93.05571598127662,
    "SW": -99.99999999999986,
    "S0R0W": -99.9753836274053,
    "R0W": -2.2649835799496456,
    "G0W": 31.754360370404385,
    "S0G0W": -99.99928525220913,
    "0R0G0W": 2.43085656376799,
    "R0G0W": 3.4579411972801455,
    "SR0G0W": -9.75,
    "S0R0G0W": -9.75,
    "RW": -2.20962131262221,
    "0G0R0W": 2.7467271795010646,
    "0R0GW": 0.988874253366807,
    "0G0GW": 3.5795808087914502,
    "S0G0GW": -5.0,
    "GW": 27.754168642851354,
    "SR0W": -95.62336909623956,
    "0G0RW": 1.8960221677755695,
    "SGW": -43.11999077235401,
    "SR0GW": 0,
    "0RG0W": 0.681898943472299,
    "0GRW": 0.921533399612065,
    "G0G0W": 35.42691896990955,
    "G0RW": 4.649168711224102,
    "SRW": -43.11999077235401,
    "0G0G0W": 18.932501547995997,
    "G0R0W": 24.985410476705308,
    "0GR0W": 2.033324271630962,
    "G0R0G0W": 0,
    "S0G0RW": -5.0,
    "RG0W": 3.2805384460336957,
    "SRG0W": -14.2625,
    "0RG0G0W": 0,
    "S0RG0G0W": 0,
    "0RGW": -0.14925125,
    "RGW": -0.16514682094635888,
    "0S0W": -4.231366721286201,
    "S0G0R0W": -14.2625,
    "GR0W": 3.5931229946538266,
    "SG0R0W": -5.0,
    "S0RG0W": -26.4908109375,
    "S0GR0W": -9.75,
    "G0GW": 12.03099371839627,
    "SG0GW": -5.0,
    "S0G0G0W": -18.549374999999998,
    "G0G0RW": 0,
    "RG0GW": 0,
    "R0GW": 0.8216363129835303,
    "SG0G0W": -9.75,
    "SG0RW": 0,
    "S0R0GW": 0,
    "S0S0W": -53.67087698402467,
    "S0RGW": 0,
    "0SW": -1.4237093916940675,
    "S0GRW": -9.75,
    "0S0R0W": -4.154465943218911,
    "0SRW": 0,
    "0G0R0GW": -0.04428927858880697,
    "0S0G0W": -0.009689870084496384,
    "0RG0GW": 0,
    "S0RG0GW": -5.0,
    "S0S0G0W": 0,
    "0G0GRW": -0.023273148460666044,
    "G0GRW": 1.0293055648240113,
    "GRW": 0,
    "RS0W": -0.30483149174308066,
    "S0SW": -18.549374999999998,
    "0SR0W": 0.2668363966311461,
    "0S0GW": 0,
    "SGR0W": 0,
    "S0SR0W": 0,
    "RG0G0W": 0,
    "0SG0W": 0,
    "0S0GR0W": 0,
    "0G0GR0W": 0.5629765341243393,
    "G0GR0W": 0,
    "0G0G0R0W": 0,
    "R0S0W": 0,
    "0RSW": 0.20045837565082497,
    "0S0RW": 0,
    "0RS0W": 0,
    "0SGW": 0.17487282299468065,
    "0G0SW": 0,
    "G0S0W": 2.3785075936085542,
    "0R0G0GW": 0,
    "S0RS0W": 0,
    "0S0S0W": 0,
    "0S0SW": 0,
    "SRS0W": -5.0,
    "RSW": 0,
    "SRSW": 0,
    "SR0S0W": 0,
    "0SG0R0W": 0,
    "SRGW": 0,
    "0S0RGW": 0,
    "R0SW": 0,
    "0R0SW": 0,
    "S0G0SW": 0,
    "S0R0SW": 0,
    "GS0W": 1.8514762885400284,
    "SGS0W": 0,
    "0SG0GW": 0,
    "0SGR0W": 0,
    "S0S0R0W": 0,
    "0GS0W": 0,
    "S0GS0W": 0,
    "S0S0GW": 0,
    "0S0G0G0W": 0,
    "RSG0W": 0,
    "SRSG0W": 0,
    "S0S0RW": 0,
    "0GSW": 0,
    "S0GSW": 0,
    "RS0SW": 0,
    "0G0S0W": 0,
    "0GRGW": 0,
    "S0GRGW": 0,
    "0R0S0W": 0,
    "G0SW": 0,
    "0SG0SW": 0,
    "R0G0GW": 0,
    "S0S0R0G0W": 0,
    "S0S0S0W": -5.0,
    "0G0RGW": 0,
    "S0G0RGW": 0,
    "SGRW": 0,
    "SG0S0W": 0,
    "S0SGW": 0,
    "0SR0GW": 0,
    "S0SG0W": 0,
    "S0G0R0GW": 0,
    "G0R0GW": 0,
    "RS0S0W": 0,
    "0SR0G0W": 0,
    "S0SR0G0W": 0
}