{
    "0W": -1.0775040589169405,
    "S0W": -99.99999999999757,
    "W": -99.99920803568878,
    "0RW": -0.3808906708173855,
    "S0RW": -26.4908109375,
    "0GW": -1.2206625496901502,
    "S0GW": -53.67087698402467,
    "0R0W": -1.7302181629994262,
    "0G0W": 3.9502539194833117,
    "SG0W": -18.549374999999998,
    "SW": -98.65481243423164,
    "S0R0W": -48.665791672049494,
    "R0W": -5.277424344635071,
    "G0W": 14.644622182989636,
    "S0G0W": -79.60931742542094,
    "0R0G0W": -0.05,
    "R0G0W": 0,
    "SR0G0W": 0,
    "S0R0G0W": 0,
    "RW": -0.5913451475612946,
    "0G0R0W": 0,
    "0R0GW": 0,
    "0G0GW": 0,
    "S0G0GW": 0,
    "GW": 5.802399474348453,
    "SR0W": -22.62190625,
    "0G0RW": 0,
    "SGW": -9.75,
    "SR0GW": 0,
    "0RG0W": -0.19850499375,
    "0GRW": 0,
    "G0G0W": 1.1160502695303214,
    "G0RW": 0.9922882135761883,
    "SRW": 0,
    "0G0G0W": 0,
    "G0R0W": 0,
    "0GR0W": -0.05,
    "G0R0G0W": 0,
    "S0G0RW": 0
}