{
    "0GW": -0.05,
    "0W": -1.9762149262260948,
    "S0W": -65.9438373711885,
    "S0GW": 0,
    "0G0W": -0.14842908085184597,
    "S0G0W": -5.0,
    "W": -18.549374999999998,
    "SW": -14.2625,
    "0R0W": -0.09975,
    "G0W": 1.915369473683252,
    "SG0W": 0,
    "G0G0R0W": 0.9635468144034232,
    "0G0R0W": 0,
    "R0G0W": 0,
    "R0W": -1.5104189565947053,
    "S0R0W": -5.0
}