{
    "0GW": -0.14476250000000002,
    "0W": -2.4220433834388313,
    "S0W": -76.21731147446675,
    "S0GW": 0,
    "0G0W": -0.1516109623594611,
    "S0G0W": -5.0,
    "W": -26.4908109375,
    "SW": -14.2625,
    "0R0W": -0.1550690758783324,
    "G0W": 2.8127785066929136,
    "SG0W": -5.0,
    "G0G0R0W": 0.9635468144034232,
    "0G0R0W": 0,
    "R0G0W": 0,
    "R0W": -1.5104189565947053,
    "S0R0W": -5.0,
    "GW": 0.9143576751047027
}